0 0.7141513605166188 0.5572283288121307 0.2769168188172538 0.3483777035271876
0 0.3262709272888086 0.618243230439439 0.3097747829238765 0.3516598337849125
0 0.35909310213684165 0.8050914552246683 0.3489282111371218 0.35683201266315623
0 0.6446020754811712 0.3989078957500154 0.24527436223247853 0.2796343475797222
0 0.46568981380268887 0.3542958378572422 0.24196750580598766 0.2732205732694628
0 0.42636523785929914 0.23977299242522648 0.21390469028743925 0.22026599163225705
0 0.13632056254904762 0.38251152758961987 0.25557536473976095 0.2583325576656305
0 0.1343274681967508 0.5829209633652687 0.24401339060400842 0.3435330732694627
0 0.64391278754273 0.10631095997436661 0.1883591210079672 0.20020579715018094
0 0.7025269210871093 0.18461302238969554 0.19257525956691152 0.2378695714604405
0 0.054070633015654 0.8633288376300996 0.0643138672470434 0.2264673247398008
0 0.8750300583924124 0.2240838789029877 0.20006951082055266 0.22734150723608923
0 0.9258076452228619 0.3579365784734464 0.14838470955427638 0.28006371551297515