0 0.7727042577073424 0.553166873777241 0.2523569813290184 0.31837171915415363
0 0.4558788165530707 0.7920934115229462 0.31742860227018105 0.3773024342511174
0 0.41342076095375335 0.5968803230491877 0.2851422077900681 0.31738196347211095
0 0.21860709293469008 0.5325609042193455 0.2757126607121673 0.31409332223840886
0 0.5028615417995996 0.35164173538620813 0.22593875730360063 0.23668534253094825
0 0.2079308713449044 0.36836203652459387 0.2352046631477993 0.23059898376465035
0 0.09744870778677271 0.7952091343338432 0.1714967191541537 0.24979326866768634
0 0.4852046631477993 0.23496274999670472 0.1959785219140972 0.22054214529089178
0 0.6957717905817836 0.3964026306770999 0.2263205868489054 0.2585603425309483
0 0.6777994918823251 0.12742080559602204 0.16442851298564348 0.20280917451188502
0 0.7509154379045657 0.19976913838773766 0.19417056006354425 0.20645237175194148
0 0.9106295827917157 0.26977944966909784 0.1787408344165687 0.22347623051823948
0 0.8652040344959989 0.12522488027006284 0.10700575081077872 0.1346398271096728
0 0.952154609577077 0.37830106168180666 0.09569078084584604 0.23143300649282175