0 0.7652293894016332 0.4987070854873058 0.28208853071290696 0.342243083916172
0 0.48274634277526773 0.7972456211988759 0.3577794213876338 0.4020544211519937
0 0.40868049208304164 0.6093825277165383 0.3149010307129069 0.3424339814568441
0 0.4837419373806342 0.3456467597625574 0.24366128270208928 0.26233741529826116
0 0.1844071980824053 0.6059994942444634 0.31333853071290696 0.3424248910977642
0 0.6652192040499523 0.3641235281093217 0.24691355203690737 0.2732930960164204
0 0.17289589139081554 0.42246028639894107 0.2606851507001803 0.24837490924813696
0 0.14210370878417639 0.8648568646577723 0.1953146893698165 0.26986811416679296
0 0.42304879069858947 0.23271094340758283 0.2153726507001803 0.24811128883482797
0 0.590989174013363 0.09698758772680097 0.18510334802672618 0.19397517545360193
0 0.6721760866884081 0.15625648595484398 0.2008010733609078 0.20427947560311144
0 0.8387732406906352 0.17169461271286474 0.20554311736154424 0.20899424668035033
0 0.9207419507081344 0.3001327092202644 0.15272720003181703 0.23524767447164327