0 0.6868928847441756 0.5962104112395616 0.29996836688067746 0.366507976038201
0 0.3618484257362916 0.8463516995445131 0.3711069813290183 0.30729660091097377
0 0.4164418372592378 0.41556801333166193 0.2737410576279123 0.29532245680090713
0 0.3052962370176518 0.6923264315731638 0.3359058668806775 0.36776294119181047
0 0.594966257713933 0.4436905572485449 0.2675183311668626 0.2966667019915839
0 0.3574543952941871 0.30172127894075856 0.22903648376465027 0.23910717313564325
0 0.10952718425441295 0.47345983656782165 0.2190543685088259 0.2656696731356433
0 0.12352259030213013 0.6952083509957918 0.24704518060426026 0.33529269237293685
0 0.55150617857237 0.1568428324762884 0.17616485389503395 0.16230657095872497
0 0.6250061339301014 0.24539939018816948 0.20456258928453738 0.1789137176006804
0 0.7998970397743 0.2577605248492253 0.2065887394466932 0.20553078130301125
0 0.8876816375835492 0.3788666877332495 0.20170241639421035 0.2834375264936878
0 0.666137468750412 0.08345495089527544 0.08960006249917604 0.12336806733052792
0 0.7799954172082844 0.09915685116542791 0.19313416558343127 0.1504067716843644