0 0.5587074516098486 0.6459981314051331 0.36634005334804093 0.3884294373806343
0 0.17447369271850846 0.5774993860200446 0.311104589741971 0.34249877204008905
0 0.3641076193114756 0.4243214840467706 0.3059419007430071 0.29871240937299814
0 0.17844637096410548 0.7633823420194081 0.3031850818840882 0.37363968403881637
0 0.8671180143704674 0.554485530116131 0.2657639712590651 0.32667377737108916
0 0.5356787123632156 0.5036197274029058 0.325274097599854 0.3114305853755436
0 0.36322786186787753 0.3048447780474069 0.25953347353086736 0.2075965133672712
0 0.0909569096343472 0.3602386133434086 0.15979033870851375 0.2454772266868172
0 0.07233965032872229 0.4466937340069997 0.11091188296032675 0.16838746801399934
0 0.6312736945805353 0.3766765140833598 0.23624152274507892 0.2104487933640895
0 0.7931786892038517 0.44961566943822245 0.20226462903138528 0.1850669853596351