0 0.698240990895307 0.54375 0.31684313684308485 0.3640625
0 0.32638505977906773 0.67734375 0.3498374932695755 0.3703125
0 0.3937818452767336 0.83125 0.3895077470304991 0.3375
0 0.600034474597971 0.4015625 0.278859752045064 0.29375
0 0.41515100923770704 0.3921875 0.2739903956185733 0.2875
0 0.3548931223281153 0.28828125 0.2380696159934022 0.234375
0 0.11841371621819374 0.4828125 0.23682743243638749 0.275
0 0.1364530108870597 0.68046875 0.2729060217741194 0.3578125
0 0.5450504240566103 0.11640625 0.212387654394062 0.2109375
0 0.6173596815784577 0.18203125 0.22129129295300629 0.2484375
0 0.09174432066612741 0.928125 0.11668269780928667 0.14375
0 0.7953255572052782 0.1875 0.22726850831327033 0.2390625
0 0.8840805171552659 0.30546875 0.2099733597251962 0.2890625