0 0.5577439851891373 0.6022042390462466 0.326318997059324 0.35849788717321684
0 0.16416988410291203 0.7820197930207109 0.32833976820582406 0.3922104139585782
0 0.8605524819097768 0.46891090341515723 0.2427009136130959 0.2821069366867496
0 0.16154172970426986 0.6008516136375619 0.3230834594085397 0.3356604050301245
0 0.3702417424252265 0.41190434172346463 0.29763407507848516 0.2877490105500115
0 0.07797065213736427 0.38129881858825615 0.15594130427472855 0.22010576866768633
0 0.5389198213488988 0.4550116392084025 0.28776775214770645 0.27821036931630944
0 0.7597922433297377 0.3809081172943052 0.1464256999091429 0.17271257142762994
0 0.06196665422930002 0.5378079172082844 0.12393330845860004 0.3243841655834313
0 0.35089527815544674 0.31935833157719495 0.23991675033868437 0.2289819366867496
0 0.59436199513876 0.3354025227314667 0.15983974672063966 0.1307978068171333