0 0.30117631325591265 0.5738942227084526 0.316754432049634 0.369261266709089
0 0.6098893366088662 0.43293560475013254 0.27360332137172544 0.285957870703362
0 0.5995298078851417 0.8485391393618624 0.3817067227084525 0.30292172127627526
0 0.4036393366088663 0.43053566872213384 0.2801805853755436 0.3141555960375436
0 0.6659826059039136 0.7156577454248594 0.3495487507160885 0.3680805747135432
0 0.6504881592934564 0.30135888808876865 0.23550333736472578 0.23395901869827124
0 0.882517767266094 0.5056485881205853 0.22663741470399829 0.2775999306969986
0 0.8450433972390498 0.7044582581158129 0.28837489337999783 0.347059002705271
0 0.4563398119828189 0.13188963072881532 0.1978760680299077 0.22258516669318062
0 0.38120290463877404 0.2099322673854067 0.22136811203054405 0.22754538669636223
0 0.20633926464036484 0.1961772080283169 0.21079423870145303 0.25866811736154416
0 0.11461139065484145 0.32090394068268113 0.2292227813096829 0.2932612933640895
0 0.24353127665500054 0.08878287869986211 0.1848124466899989 0.17400221602481702