0 0.3713053800693518 0.66640625 0.35562087716935853 0.3890625
0 0.5969583132773476 0.40078125 0.3049615975998538 0.3078125
0 0.4023670971900784 0.4859375 0.3122304420993359 0.3296875
0 0.7724418868937774 0.79296875 0.39689654052775936 0.3359375
0 0.10320412096861468 0.5140625 0.20640824193722937 0.296875
0 0.7719068476043631 0.63671875 0.38665255334804094 0.384375
0 0.5770910771310864 0.25703125 0.25666533870851377 0.24375
0 0.8734523467757935 0.33515625 0.2202911910658784 0.234375
0 0.8735121970662438 0.53515625 0.21862599131354762 0.3328125
0 0.326496071754403 0.1859375 0.23144701488719618 0.2390625
0 0.28668224689962807 0.2859375 0.2512158593866783 0.2609375
0 0.12391155407416657 0.3640625 0.24782310814833314 0.265625
0 0.09656247684063621 0.21875 0.19312495368127242 0.209375