0 0.6983525361241474 0.6073367223533859 0.27455926379642237 0.34063232633910123
0 0.3428217362068729 0.8207193284506722 0.34215586688067745 0.3585613430986555
0 0.44345435065191846 0.38809366270733214 0.24030126623205436 0.2568650801000249
0 0.6386208003276069 0.44692440808847866 0.24391718993316047 0.28508100831327016
0 0.13796978409225716 0.5627082516493527 0.2759395681845143 0.3379165032987054
0 0.3203269476503888 0.6354196406040085 0.30728994317957137 0.33689957257817743
0 0.1355463932655922 0.38460598370266397 0.25924218100470675 0.2683481493794971
0 0.4379737382321725 0.2542725921742187 0.2100137483751469 0.22162626207419392
0 0.6594550462671218 0.14894154915470545 0.1753660129856435 0.2050010517284949
0 0.719591931008002 0.24136238136630137 0.20173759821299128 0.1948364415410805
0 0.8803288336057898 0.3023179164017488 0.1972410129856435 0.20563754922121244
0 0.8776692581176748 0.14122129202856948 0.18033415665497757 0.13174540815498567
0 0.9117952475676633 0.42517039469413653 0.1666455779204515 0.24222826708875883