0 0.663670669378847 0.6337813607542356 0.3142284328349728 0.3678109747331252
0 0.6044993080043148 0.45994512367201335 0.2760047365438744 0.2935733877271531
0 0.42227662822155987 0.4008279628621871 0.27287973654387443 0.29350065254479174
0 0.9028018526681049 0.4346483040491312 0.19439629466379033 0.2845971248093752
0 0.27485491010659285 0.8266488465052776 0.38611672094004207 0.3101816191097921
0 0.25758112166283914 0.6612238682567707 0.3521378686106214 0.37649629692145864
0 0.39500372003553097 0.26848824154753437 0.23843613749381404 0.2318358007211808
0 0.13030049016191897 0.38181108482177073 0.21484150723608925 0.19851415444465292
0 0.11228190976790861 0.6051583190542014 0.17854323835289665 0.33968336189159737
0 0.6816405828804012 0.2602522885659022 0.21542136137453233 0.1798005220358335
0 0.6296100141334942 0.14804388250572864 0.19675989258219673 0.15127547853284734
0 0.8631705438708206 0.2912262655801382 0.1873716044771271 0.21035953780340294