0 0.61640625 0.653125 0.2671875 0.3390625
0 0.34453125 0.44296875 0.2390625 0.2640625
0 0.5515625 0.48203125 0.2375 0.28046875
0 0.88515625 0.42890625 0.2109375 0.2640625
0 0.23515625 0.86953125 0.3484375 0.24453125
0 0.21484375 0.721875 0.3046875 0.321875
0 0.3375 0.29296875 0.20625 0.203125
0 0.0765625 0.4296875 0.1453125 0.18671875
0 0.08203125 0.62890625 0.159375 0.25859375
0 0.5765625 0.14921875 0.17265625 0.17734375
0 0.6296875 0.26015625 0.196875 0.23984375
0 0.8 0.278125 0.18671875 0.2109375
0 0.809375 0.134375 0.165625 0.1796875