0 0.66640625 0.615625 0.2546875 0.325
0 0.59609375 0.45 0.2296875 0.2609375
0 0.3 0.8484375 0.334375 0.29140625
0 0.2703125 0.675 0.29375 0.33359375
0 0.41484375 0.403125 0.2265625 0.2609375
0 0.1 0.421875 0.2 0.2234375
0 0.096875 0.63046875 0.1828125 0.3015625
0 0.37890625 0.28984375 0.20234375 0.20390625
0 0.59453125 0.14453125 0.16796875 0.1890625
0 0.65703125 0.2375 0.19453125 0.21796875
0 0.81796875 0.2703125 0.1890625 0.240625
0 0.90234375 0.4109375 0.1953125 0.26875
0 0.8265625 0.121875 0.17109375 0.184375