0 0.2105614986075936 0.43013752241708314 0.29934875604708877 0.3537484747331252
0 0.44429796256368653 0.7480471485576385 0.3799998667249973 0.43841572188333355
0 0.5432365439210946 0.568448607904444 0.3291271627148159 0.36225195896555584
0 0.7617683679185492 0.582107145139166 0.3290908000477252 0.3591269589655557
0 0.504893848623502 0.3061310990707288 0.25617946403563463 0.2683915497712501
0 0.7981887679424118 0.4055258081331938 0.27020560136854394 0.2655938580918752
0 0.5787046133036376 0.20522125608083286 0.2103397053628168 0.22202438962701407
0 0.42317332332113694 0.08602515292604153 0.19427835335772609 0.17205030585208306
0 0.3359000426480009 0.12964460030499975 0.2210772106938169 0.20509146276527795
0 0.33147452995704746 0.3086054016917706 0.23239651869827133 0.23815853590354186
0 0.1859182239815463 0.13157338905833318 0.17285788669636223 0.22271406743868072
0 0.7916354918841871 0.8344684257243744 0.26090332670272554 0.27162565254479176