0 0.3231172539088249 0.6035913137871489 0.3146544151018694 0.3812252404661713
0 0.6279098139190877 0.4618602038905003 0.27511921642972936 0.2986111479078998
0 0.63719234768575 0.8665054868379741 0.37977035499341094 0.2669890263240518
0 0.41929788320092837 0.45770094962933106 0.2783714814568439 0.3205952753125615
0 0.6957684378484379 0.7517882886442233 0.34742146330647133 0.3745585782151192
0 0.8947836965308408 0.5250968469890767 0.20605105386194253 0.2415228450053421
0 0.8599400221573934 0.7387674773889632 0.2644998789975158 0.35291670199158387
0 0.6551859071068377 0.34013153683012487 0.24368740924813678 0.26626987386128265
0 0.4663830032214539 0.15459579699692588 0.21380901170746486 0.2324206635169964
0 0.3948892774219507 0.22086314854087194 0.2264453670936592 0.25629467313564325
0 0.21824496419023412 0.22875995017748524 0.22334763817089803 0.2608730457309815
0 0.12144671136156371 0.3464980324841376 0.21879649355709235 0.284146854623989