0 0.80546875 0.49453125 0.2265625 0.29453125
0 0.50390625 0.746875 0.2921875 0.36640625
0 0.45078125 0.553125 0.2578125 0.3
0 0.234375 0.51640625 0.25625 0.2890625
0 0.24765625 0.34609375 0.2328125 0.20078125
0 0.12890625 0.79609375 0.25078125 0.2875
0 0.13828125 0.92578125 0.25390625 0.1484375
0 0.5046875 0.2078125 0.1796875 0.2328125
0 0.55234375 0.3078125 0.19765625 0.2265625
0 0.721875 0.359375 0.203125 0.253125
0 0.7546875 0.16484375 0.16875 0.19765625
0 0.89296875 0.228125 0.13046875 0.17890625
0 0.9609375 0.33984375 0.078125 0.1890625
0 0.6421875 0.11171875 0.075 0.17421875