0 0.22248923790267075 0.5515240744404901 0.26152615671569085 0.32080061331561965
0 0.5226309215306129 0.8200985421826438 0.3287003686106214 0.3598029156347124
0 0.7808815920411136 0.596327383784387 0.283401156715691 0.32181945781510174
0 0.5821265094993968 0.6379754205926019 0.2926942695605611 0.32069360545773673
0 0.3090519369073025 0.4091054420993359 0.23415142921692808 0.2743237196019258
0 0.5085097043201572 0.3839364298982269 0.23275934757972222 0.24776121960192582
0 0.23450779681149672 0.0532128529765374 0.09035940637700657 0.08837760339082217
0 0.34291343905500915 0.13657762468815915 0.17652263568479168 0.18591188296032674
0 0.2736035170741703 0.20383359118971311 0.18671650723608924 0.20197353060296191
0 0.10383324966131573 0.23038532092583344 0.15908947421940245 0.18042386228216234
0 0.14570092435568804 0.08901761228216232 0.13887214947960164 0.12181084160399788
0 0.06036873332231448 0.3609418081055519 0.12073746664462896 0.23118584160399785
0 0.8730846229100939 0.8543646697640325 0.1630134136130959 0.28503858767505647
0 0.534179168928621 0.25277847518349716 0.20069047602842466 0.23068072745980875
0 0.8071585662605163 0.42369040446255146 0.25611496042459264 0.24729033870851377