0 0.5581537807526779 0.656036366158523 0.30401807471354336 0.3575365632693231
0 0.15346628075267785 0.6395466141441756 0.29566013470717994 0.3103432282883512
0 0.33878452072722454 0.45968665368750267 0.2608487827020893 0.2714425543720747
0 0.16424179077813122 0.8273967826232447 0.31317489871099796 0.33916856524648936
0 0.8634941667329515 0.523234430910721 0.24089990937299816 0.30186488342154744
0 0.5174913234006787 0.5169446912536632 0.278145370703362 0.28151789133021304
0 0.32411239871099795 0.33961423421985026 0.23012494668999892 0.18117038144438116
0 0.06278509472467916 0.42969942885919254 0.11829765603118039 0.23439885771838503
0 0.05054927140354222 0.5190020093915402 0.09088063335454448 0.15987901878308045
0 0.5962964813812706 0.3772547915576744 0.20521585335772627 0.18796420950527093
0 0.7648015807208612 0.4301927436485714 0.1752919960216353 0.16644203657757756