0 0.40656506868129033 0.6756786660444879 0.29363596042910417 0.3677869292790543
0 0.45902040216906903 0.5026264638109577 0.2627827753125615 0.28835198635114895
0 0.6383879544386545 0.45716206823523714 0.256696466419554 0.29274838792272534
0 0.12907744182478276 0.45761990901517463 0.23460321161023062 0.28547954342324344
0 0.8203473156860653 0.7316099123204343 0.3341518330244426 0.3665540690638066
0 0.8133718243128449 0.8745559868678775 0.37325635137431024 0.25088802626424495
0 0.9249876202330857 0.46704660628179706 0.1500247595338287 0.23093328453190337
0 0.6603398215916971 0.32636798655603666 0.2295139183263199 0.22908399420903178
0 0.9404613420101171 0.661378803138644 0.11907731597976579 0.27664389081820956
0 0.4183110342982362 0.18561874627594638 0.18576391832631992 0.22704630521006774
0 0.370567993461396 0.29259218424145306 0.2138889183263199 0.22835624813797314
0 0.20393605416850202 0.3230501639775734 0.20507940271722322 0.2887843258882322
0 0.2439533858421822 0.10651978949430205 0.16693950725639412 0.1793707845319033
0 0.17783980172143132 0.15647909408519725 0.19103177168436442 0.1992124036384912
0 0.060282768689139524 0.2297816993380462 0.10334823320977701 0.14520980024766902