0 0.7757903949453475 0.4391475053628454 0.3065838404244447 0.3621603962731289
0 0.5363343835461812 0.7679568907615592 0.3816215144363893 0.4339027450942652
0 0.44392541194718793 0.5942103260465423 0.3379793107891668 0.36968373619701644
0 0.2413816401956949 0.5938614520537161 0.32845884042444473 0.36305173421985015
0 0.46437815662885445 0.3306279871112377 0.2655938580918752 0.2777562213682689
0 0.18694544728204898 0.43889937943003376 0.27333362290951413 0.27494955634924095
0 0.18762608624347296 0.8713126314072002 0.22754834422416687 0.25279071345960347
0 0.4165381090418057 0.22388058000087505 0.232308579406528 0.2561067144481868
0 0.6610349510817711 0.3132309455907444 0.2707905043684029 0.2998222223568522
0 0.5725672906531946 0.08722945007654968 0.19825958130638915 0.17445890015309937
0 0.6616849952503474 0.11346765066598148 0.22885627108590292 0.22693530133196296
0 0.8364492591180557 0.12549546538099837 0.2245324469977085 0.25099093076199674
0 0.7512001305089584 0.037587594335331063 0.1305252610179167 0.07517518867066213
0 0.9089256307932988 0.21241922619964174 0.15567334422416684 0.24986203163466153