0 0.6771032579741844 0.6119041805776859 0.3480704892850447 0.3960783053787251
0 0.5670685151457604 0.4599973299252307 0.30304567676384037 0.31433740937299814
0 0.3771702014434296 0.46064386195100226 0.29852186787083285 0.3189703653723619
0 0.8663008563956784 0.3376656072167781 0.267398287208643 0.30777832670272554
0 0.2963493096956156 0.7648324699634108 0.3856796166897065 0.3996396573838158
0 0.3549108325611064 0.8751336232893202 0.40689487386128265 0.2468237400540886
0 0.1056796365599724 0.5419596859882277 0.18200400126594435 0.24733062802354447
0 0.3120585782151192 0.3418216839592746 0.261855192372937 0.2529453760343621
0 0.1381449400955022 0.733065943984728 0.19753972122887747 0.2896817600254534
0 0.4983978383819202 0.14973253926641217 0.21944943756361343 0.24620448002863507
0 0.5804687831171098 0.2394393819223672 0.24612106496827516 0.24963856269890758
0 0.7520164009031247 0.22806443523236827 0.24813992195451692 0.3074510626989076
0 0.6390922710513922 0.06480519796309261 0.19068454210278443 0.12961039592618523
0 0.7211061628840242 0.08628020862509282 0.21721232576804841 0.17256041725018564
0 0.8594519002701524 0.10410821988386898 0.12565974282842376 0.15452496268299926