0 0.1674660155059132 0.4458250635263042 0.26685985721791355 0.3124374092481368
0 0.4281234045270759 0.7223865217646099 0.33328649076229305 0.3940601139704013
0 0.5084654370552409 0.5383564345287882 0.29208717775102694 0.32039535499341076
0 0.7253035960681565 0.5222536697962612 0.29029735721791355 0.31257376463433123
0 0.7426455234234719 0.3557746969236243 0.2459275801000249 0.23732832493918155
0 0.44611751590162463 0.29188595550783125 0.2303025801000249 0.23723742134838535
0 0.8048557375966017 0.8217400645082626 0.3037066393503672 0.34389648750696794
0 0.9473915447353729 0.5404895436274156 0.08048443652651542 0.24261474687674217
0 0.9340611674591998 0.6764815857818933 0.08169994404836274 0.1770079275949012
0 0.765940338612816 0.924292892767094 0.33069973370266403 0.14408738504764002
0 0.5076891648854103 0.18920131704234558 0.2099446159934022 0.23555674668035032
0 0.33660743824237527 0.08366140681225001 0.1924101235152495 0.16732281362450002
0 0.26732022915031745 0.12811032269968634 0.19354672618081653 0.2089033430895541
0 0.1204619495251463 0.1820807260940908 0.15223976458147637 0.18522949375348405