0 0.2813843657882287 0.5785617634394541 0.29720884042444473 0.3634633023145836
0 0.5797342128621872 0.4282172768789082 0.2593438580918752 0.278976986351149
0 0.5852672063095826 0.8443087338699495 0.363959929330278 0.31138253226010093
0 0.37551883833715244 0.4320014406515938 0.26156097473312523 0.3071747609582548
0 0.6468073844055897 0.7050751834128836 0.3283133700597226 0.35866879445670075
0 0.6155288553389928 0.30162054362813123 0.22216985999173638 0.2241781703877142
0 0.8616732374634719 0.5125196180686213 0.2612336664125003 0.2931122609582548
0 0.8411938172512494 0.6867554846940098 0.295209929330278 0.3446405277074778
0 0.4198195778879166 0.1415605312221344 0.1982232137152085 0.20121155128112633
0 0.34803419044510403 0.20156692390237083 0.2084346683123613 0.23758569892376152
0 0.17632219139503452 0.22016060442427948 0.21036084422416684 0.2532834735308673
0 0.09293042277767352 0.3513142510334573 0.18586084555534704 0.2932535020669146