0 0.5325346368536725 0.6602099855225794 0.32762901451278825 0.3584504706353833
0 0.8436408063611187 0.5354113085153275 0.26074904935917864 0.31945643713693705
0 0.1358258502780017 0.8091845630679506 0.2716517005560034 0.3527441261359012
0 0.7354587733288269 0.4513380614108115 0.15358633538669525 0.1990283130679506
0 0.594727135124392 0.3806166848606256 0.18094744355406328 0.17846325599585605
0 0.4916690785936373 0.5307557719165096 0.29345242195451693 0.3178597038861602
0 0.3197916225105203 0.3435532167064418 0.24568455534962838 0.24543674028009033
0 0.32110360744957783 0.4852505651348652 0.27717265752654663 0.2983819578151016
0 0.05934273974838097 0.4084525088913402 0.11868547949676193 0.2762800177826804
0 0.1453223905666876 0.6352569114963741 0.2906447811333752 0.37676382299274813
0 0.045496005357477595 0.5000941993380462 0.09099201071495519 0.21581339867609248