0 0.5935362158778723 0.6131150034585611 0.3593623072769823 0.3806994508104573
0 0.19196306141081157 0.7445163479157489 0.33254725020488773 0.4078423041685021
0 0.8782642028527029 0.5047915496528788 0.24347159429459425 0.32942463828925295
0 0.19553105541495552 0.5691071201482676 0.3543837088485589 0.37428575970346484
0 0.5689813639347922 0.4723362360353659 0.31346330231458364 0.29953873084752425
0 0.11117736434907691 0.33729661415781786 0.1874786910658786 0.2405406983633867
0 0.3871448589723935 0.39886899810108345 0.2925686054577367 0.28632940271722324
0 0.38755577377853634 0.29008427514292545 0.24976036724456102 0.23803574645662096
0 0.6383049445805353 0.34784217832348485 0.15542386228216215 0.15518355172143128
0 0.8204132772931929 0.41034463440660185 0.22991874813797325 0.21394348202865068
0 0.09187090032872229 0.44361110154394606 0.15215762117350246 0.21902779691210786