0 0.6819544490811769 0.6088534427262147 0.283660759703465 0.343827960865417
0 0.6143428192294446 0.4415399625778467 0.2532440842055689 0.27754834422416685
0 0.3112773944493387 0.8309356497919096 0.35918654935917865 0.31592247283326425
0 0.28485375978828287 0.6564084284772568 0.32310520561978084 0.35567465064493076
0 0.4342262440943682 0.3886546179724302 0.25011908420556883 0.2774756090418057
0 0.11865580779669908 0.3975633713909027 0.2175595553496284 0.23924825721819457
0 0.11578381205786836 0.6063935107335763 0.19992067676384032 0.31533797853284734
0 0.3997470619730503 0.27452003600045105 0.21997522721932725 0.2190084924005557
0 0.6185193654237622 0.13572572046163142 0.18500002649368774 0.2010209053945835
0 0.6789062831171098 0.23049205338354112 0.21421630054030488 0.2329255220358335
0 0.8397272212288774 0.26818880908312426 0.21029269237293705 0.2546914192622918
0 0.9058829561679349 0.41028408368440894 0.1882340876641301 0.2827436840799308
0 0.8509772013586115 0.12015069937572846 0.18801589908902622 0.19796864057694458