0 0.6159101320443491 0.6294837593387861 0.3656399352013608 0.4092615462638264
0 0.8315550125290537 0.3344910389668164 0.2844593678708328 0.32039786931630954
0 0.301153205998299 0.49834244805413064 0.3144196863824872 0.328728566556366
0 0.514226124872773 0.4782269967568844 0.31965282340579576 0.34443538717321703
0 0.06778766760852963 0.5666459833609085 0.13557533521705925 0.22295803327818292
0 0.2327826295972784 0.8016953189952932 0.39790679817805225 0.3942092905817837
0 0.2639855666127377 0.3553288336057898 0.2727381286706061 0.25304672808260753
0 0.10002972137572755 0.7533550507313487 0.2000594427514551 0.3097410129856435
0 0.28592249856441965 0.8897759715930811 0.4166865361123347 0.21652066720498908
0 0.4702157523622527 0.15107020738962146 0.23178574645662095 0.24296261606989863
0 0.5429959987340556 0.23568494075052998 0.2656349568009073 0.2732228603878558
0 0.7262995720550334 0.21843143669334025 0.27092265752654665 0.29049218100470675
0 0.6981795504554869 0.09166575406048506 0.2161408990890262 0.18333150812097013