0 0.6598011301461831 0.6300509277550006 0.3315797071452323 0.3695172077900679
0 0.26884418023704015 0.7936950474816424 0.40048683740295693 0.40350246996493266
0 0.4509871313893786 0.37695933522405234 0.28184530076822545 0.28435127516050807
0 0.6318033621675017 0.4630037495896676 0.2911317695605611 0.3126126428552599
0 0.1416475101767653 0.5033995097392326 0.2832950203535306 0.3692990194784652
0 0.28269971958530504 0.6039194813290184 0.3628297071452322 0.37006267856907477
0 0.14919773858003926 0.32865860835926086 0.2983954771600785 0.2971785576279122
0 0.47122878957540754 0.24437866030513025 0.24542312188998175 0.24468875730360065
0 0.7088350101767652 0.17189355437820603 0.2099835888732951 0.2237762394466932
0 0.750510175826026 0.27193051054671624 0.23153104025277607 0.21790806899199797
0 0.8853554873368438 0.3548266055132965 0.2055417503386842 0.22838191882984216
0 0.9101551707376434 0.1949567276722751 0.16888055404758617 0.154371674511885
0 0.8919629341937689 0.4824021805943744 0.18069888059640887 0.26073076866768635