0 0.63515625 0.6375 0.2640625 0.3359375
0 0.3640625 0.43203125 0.234375 0.25859375
0 0.56953125 0.46796875 0.2359375 0.28046875
0 0.26484375 0.8609375 0.3390625 0.2609375
0 0.89609375 0.41640625 0.2015625 0.25546875
0 0.240625 0.70546875 0.3 0.321875
0 0.3546875 0.2859375 0.203125 0.2
0 0.0828125 0.434375 0.165625 0.2
0 0.09609375 0.63671875 0.19140625 0.29453125
0 0.584375 0.15546875 0.1765625 0.203125
0 0.6421875 0.24375 0.19140625 0.221875
0 0.825 0.27890625 0.20703125 0.221875
0 0.8265625 0.12890625 0.171875 0.1734375