0 0.40064072541372353 0.6082315830409867 0.36711805872054304 0.4116457431170989
0 0.7394963294477674 0.8535693048663662 0.42240444804263433 0.29286139026726765
0 0.47420440006363346 0.4878500988583174 0.30812377204008906 0.30772756425790637
0 0.15338227538190685 0.36389269813656433 0.2896646733768162 0.33196356030357366
0 0.6618407600652243 0.5072088884016444 0.31626353604390706 0.3361708992388783
0 0.7131754460534522 0.4226229827741566 0.2842499200349984 0.26927255931499056
0 0.288074901376498 0.32955614330737926 0.17369313335454448 0.1632533695813831
0 0.4599317200429526 0.3349970128887623 0.16880563868554468 0.14587486859279988
0 0.8004236440960865 0.7400916670705565 0.39180897605027026 0.38610191505620917
0 0.925010732694135 0.5829078612527882 0.14997853461172994 0.28755303262324466
0 0.9269689503699755 0.6813771947508853 0.14606209926004893 0.2139881986308559