0 0.7637987819163885 0.4767411818965096 0.2827826645126391 0.33597490319801276
0 0.481779836818541 0.7799035850945224 0.35796580888930585 0.4114021500747548
0 0.18865135192052035 0.5871040484991894 0.3109803996950003 0.3392635296614458
0 0.40887293294256893 0.5897285578689634 0.31414176728618093 0.340844210379605
0 0.6684343433711455 0.34528262451852554 0.24535409327423635 0.2717033249391815
0 0.18035180870187464 0.40670802137182643 0.25865287385944463 0.23897263817089803
0 0.48914688687413166 0.32914051581268156 0.2449904173624308 0.2560783249391815
0 0.12065919244187429 0.8569943676828344 0.22849390159486135 0.28566583098930565
0 0.4291198830744095 0.2232541301758663 0.21795513867708358 0.235611288834828
0 0.6064298783247569 0.09145975039278345 0.1840152433504862 0.1829195007855669
0 0.685334821903993 0.15614740164588858 0.21642900626826425 0.23716469847574836
0 0.8462534848980207 0.18958154948114816 0.20222103590354196 0.23083288524403184
0 0.9186168345374301 0.3024264622453265 0.134778962765278 0.21950449980360826