0 0.6040549727885219 0.6408860160090732 0.3030655241314353 0.3579408067888089
0 0.3247742444728864 0.4519245517206434 0.2660169027172232 0.28117831888905725
0 0.5333035070867581 0.47492519360397456 0.26661710344286255 0.2983658188890573
0 0.8648560966498046 0.397230423017715 0.2378373390148923 0.2794521924256242
0 0.23113579484355534 0.874258614854164 0.3727381286706061 0.25055555366555105
0 0.2053595232440089 0.7400608768562166 0.3385119508104575 0.3440873850476402
0 0.3127975780454831 0.30280579567051913 0.22789685462398895 0.21846924063022613
0 0.06947914238078615 0.45893411758463853 0.1389582847615723 0.19775676483072288
0 0.08109495485958165 0.6572761688143025 0.1621899097191633 0.2697772105759967
0 0.5465153575343958 0.14132235324489492 0.19097720798203355 0.19013516237139488
0 0.6037152439247322 0.24799907924078984 0.22133931977759858 0.254361288834828
0 0.7745907391154088 0.25325368492157174 0.20936510943331257 0.2246101563212707
0 0.7788293497298475 0.10950823010111152 0.18478177168436433 0.19166130093507644