0 0.5551370524320893 0.6468270865484506 0.3528437460828483 0.3785260175611974
0 0.5335910217860109 0.5014236829576545 0.3057830622807399 0.2970214875069681
0 0.1701744620139099 0.6110016533944045 0.30418607018940536 0.3345033067888089
0 0.17108699908577893 0.786746541958086 0.29213173916276614 0.345368083916172
0 0.3612265904553605 0.4309061289975159 0.29321939528454566 0.2953862646343312
0 0.865293372052841 0.5323343571347101 0.26941325589431814 0.32196694535249043
0 0.7841547544858054 0.4208696163080923 0.19511086463846716 0.14953743344863374
0 0.6112319076418353 0.35581626716841397 0.1629695266917457 0.12748062626704132
0 0.343905144790254 0.2933379513044188 0.2655798735357157 0.19212490924813697
0 0.08731690517037735 0.341052246876742 0.140134204562355 0.18046018052176746
0 0.08453409786973427 0.46444429508134394 0.1378713676042167 0.16326359016268785