0 0.68515625 0.5984375 0.2515625 0.325
0 0.32734375 0.8390625 0.3265625 0.30546875
0 0.43828125 0.39140625 0.2359375 0.25546875
0 0.29375 0.65390625 0.2875 0.31953125
0 0.6125 0.4375 0.228125 0.25859375
0 0.39296875 0.271875 0.1984375 0.20546875
0 0.11015625 0.415625 0.2171875 0.23046875
0 0.10859375 0.6375 0.2109375 0.3
0 0.60390625 0.1484375 0.15546875 0.1359375
0 0.66640625 0.24375 0.18203125 0.1484375
0 0.83828125 0.27421875 0.18125 0.175
0 0.9109375 0.40390625 0.16328125 0.25625
0 0.72890625 0.07421875 0.06875 0.1390625
0 0.84140625 0.096875 0.1703125 0.1609375