0 0.62421875 0.6515625 0.2640625 0.34140625
0 0.55703125 0.47890625 0.2390625 0.2640625
0 0.37265625 0.434375 0.2328125 0.26953125
0 0.88359375 0.43203125 0.2109375 0.2640625
0 0.21484375 0.709375 0.3046875 0.3359375
0 0.23515625 0.86953125 0.3515625 0.25
0 0.0765625 0.446875 0.15 0.21640625
0 0.33984375 0.30390625 0.2109375 0.20859375
0 0.06953125 0.64140625 0.13203125 0.2640625
0 0.5703125 0.1625 0.1671875 0.2109375
0 0.62734375 0.26875 0.19609375 0.20859375
0 0.796875 0.2984375 0.18203125 0.2703125
0 0.7375 0.08203125 0.153125 0.1640625
0 0.80859375 0.13203125 0.175 0.18203125
0 0.9328125 0.20390625 0.09140625 0.1359375