0 0.42938557737506844 0.6368805064629717 0.2926066982793566 0.3524670612921568
0 0.8291002728257547 0.852400735702725 0.3409351139704011 0.2951985285945501
0 0.47392539685330093 0.505914349352609 0.25774990924813695 0.26825388737588013
0 0.8409507616583671 0.7013130099601939 0.31809847668326585 0.3176119002274616
0 0.6494884782353901 0.47557688642447804 0.24838399960721666 0.2694343853987139
0 0.13228734269677067 0.45215936068413454 0.23452148750696816 0.3032363824329643
0 0.2450595325883121 0.36927521790822787 0.16030221662612104 0.1658690336118279
0 0.41673908986810027 0.3426848374896109 0.16474427693097127 0.12387253460041112
0 0.6822459152000653 0.3331957268426575 0.20867608411256366 0.15690521049385406
0 0.9415113100102627 0.4391087817090236 0.1169773799794747 0.1970261917107738
0 0.9357521894005622 0.5872916137242461 0.12849562119887564 0.15691052768032882