0 0.775 0.51953125 0.234375 0.30546875
0 0.4609375 0.78046875 0.3 0.371875
0 0.19296875 0.54609375 0.2640625 0.303125
0 0.4109375 0.58046875 0.265625 0.30546875
0 0.69609375 0.375 0.2078125 0.24453125
0 0.20546875 0.365625 0.2265625 0.20859375
0 0.5203125 0.33359375 0.209375 0.228125
0 0.09453125 0.809375 0.1859375 0.26953125
0 0.4734375 0.21953125 0.184375 0.2109375
0 0.66484375 0.10859375 0.15703125 0.1734375
0 0.734375 0.18984375 0.1828125 0.21328125
0 0.88984375 0.24609375 0.16875 0.20859375
0 0.9484375 0.36875 0.10234375 0.20703125