0 0.4298020614258139 0.6689746912118761 0.3105589760502703 0.3792234648980456
0 0.13060894139876972 0.4783941214701855 0.2408817280394527 0.29753554420664763
0 0.67542145472627 0.41955839825886976 0.2721680907065437 0.30156982633910123
0 0.4722242767345423 0.4864289641731297 0.27391240404199807 0.31724029044572377
0 0.9298976800206809 0.38080682066612737 0.14020463995863822 0.21043269780928667
0 0.8335232140356347 0.678960827330045 0.3329535719287307 0.3661157111371217
0 0.6619572967059073 0.2698993790585399 0.24318856802990768 0.22731397241989287
0 0.9346766340308623 0.5744431603995708 0.13064673193827545 0.2977053772761732
0 0.823722047382225 0.8284978260764037 0.3525559052355501 0.2745647086298394
0 0.4027993780235444 0.1617759566512823 0.19940220536281678 0.22291597743445785
0 0.3642010493714073 0.2699665413701607 0.2309612880330894 0.2503877595669114
0 0.18824762404517972 0.3274477354185236 0.2311612827020893 0.2675752595669114
0 0.16624426002545337 0.18272626880461848 0.1897363040260897 0.1976431927947217