0 0.8234375 0.48046875 0.228125 0.2890625
0 0.52734375 0.72890625 0.2859375 0.3640625
0 0.471875 0.5390625 0.253125 0.29453125
0 0.2578125 0.5015625 0.253125 0.2859375
0 0.26328125 0.334375 0.2171875 0.2140625
0 0.56640625 0.3 0.2015625 0.21640625
0 0.1390625 0.790625 0.26171875 0.31640625
0 0.03125 0.496875 0.05546875 0.2375
0 0.0296875 0.63359375 0.059375 0.17109375
0 0.16015625 0.9203125 0.3109375 0.159375
0 0.51875 0.1921875 0.18203125 0.2171875
0 0.70390625 0.096875 0.171875 0.1640625
0 0.76640625 0.15546875 0.16796875 0.190625
0 0.90546875 0.2234375 0.1296875 0.17109375