0 0.7140625 0.571875 0.246875 0.31640625
0 0.3796875 0.8234375 0.3125 0.3359375
0 0.44140625 0.37890625 0.2203125 0.2359375
0 0.640625 0.41796875 0.221875 0.2640625
0 0.14375 0.58359375 0.26875 0.3109375
0 0.340625 0.6375 0.28125 0.30859375
0 0.134375 0.40546875 0.2375 0.24453125
0 0.42421875 0.24609375 0.1921875 0.203125
0 0.63515625 0.11953125 0.159375 0.18984375
0 0.703125 0.20546875 0.1859375 0.1765625
0 0.86875 0.25 0.18125 0.18828125
0 0.8515625 0.08984375 0.17109375 0.115625
0 0.91875 0.36953125 0.1625 0.2265625