0 0.2134708203853815 0.5328472763783242 0.2526223858272919 0.3183444456152033
0 0.5303082557964924 0.7884792621715693 0.32141005983923654 0.3882672077900679
0 0.7961378500206593 0.549270306406801 0.28227351823611146 0.31730014285525987
0 0.5787496750587843 0.5876804212621789 0.2838723858272919 0.31888991639421016
0 0.2911081239563538 0.38726776947846525 0.22148018218006965 0.25532624837514695
0 0.7815701230064234 0.36925552393939687 0.2393937275829167 0.21971603084255104
0 0.4664360854873609 0.3426525190714282 0.22267900626826406 0.2397285219140973
0 0.8908820798846868 0.8104044496690979 0.18768706363895865 0.2797262305182393
0 0.511314787234722 0.2277639046230874 0.19724259517409734 0.22054214529089186
0 0.3192019820482291 0.12046209902377003 0.16664590539458352 0.18096144805083533
0 0.2500688159200693 0.2028830868489054 0.1957528303564585 0.2236398717519415
0 0.09550729606843729 0.2619290300317721 0.18154485999173628 0.21714440990138845
0 0.047544534384930434 0.38448014001588604 0.09508906876986087 0.21271028003177211