0 0.44226600798069393 0.6396930400620426 0.3622168977951391 0.3947339813812706
0 0.8317441224377425 0.7606628047819493 0.31047255983923633 0.3863214973742707
0 0.45723965739135375 0.49998565006363344 0.308617812689028 0.3066339973742709
0 0.8271326236720133 0.5894690574474494 0.3271872811538891 0.3662089920432706
0 0.6207949707459719 0.422961168085587 0.300805312689028 0.30654309070654373
0 0.13084669044510402 0.538291435351681 0.26169338089020805 0.335957870703362
0 0.20649608140329825 0.4282993646960441 0.19186411094166686 0.18968176002545345
0 0.36681729198437474 0.3559260200509068 0.18623105357097228 0.14900221602481709
0 0.6219061419081248 0.2744963960852688 0.23717661094166687 0.1902090186982713
0 0.8985589076756941 0.30741108278958523 0.1627584924005557 0.21433631468808995
0 0.9170517216959023 0.4529781214592215 0.14938567021222227 0.1766908640197263