0 0.75625 0.5390625 0.2375 0.3109375
0 0.43203125 0.8 0.3046875 0.371875
0 0.38671875 0.596875 0.2703125 0.30546875
0 0.50078125 0.346875 0.2109375 0.23359375
0 0.165625 0.5609375 0.26875 0.30546875
0 0.678125 0.39140625 0.2125 0.24453125
0 0.18203125 0.378125 0.2296875 0.21640625
0 0.08359375 0.82265625 0.15625 0.271875
0 0.4578125 0.2265625 0.1828125 0.22421875
0 0.6453125 0.11328125 0.159375 0.18046875
0 0.715625 0.1875 0.17578125 0.18046875
0 0.878125 0.2265625 0.17890625 0.184375
0 0.93984375 0.365625 0.1203125 0.21953125