0 0.5722929748329013 0.6692228033525501 0.3111786022701809 0.3860660483856423
0 0.8662809338440806 0.44520299069888425 0.24251833116686256 0.2985617402800903
0 0.522967310467286 0.48621340426217297 0.2757126607121673 0.3219650070293133
0 0.32316435917003977 0.282846617453958 0.23202511606989865 0.23406259263745516
0 0.31492693952612344 0.438043539703699 0.2738501517837135 0.3047047324222074
0 0.1697134456119081 0.7192486519858614 0.32028086688067753 0.37087769602827725
0 0.06758828936396764 0.42297942762642454 0.12259556899199794 0.22584337014004524
0 0.06545086525582443 0.5692915014477421 0.11393758928453741 0.17704199710451576
0 0.18151579057848835 0.8578745043432262 0.3369580779204516 0.25300099131354764
0 0.5818108818982113 0.13944325806727983 0.1955148717519414 0.19957627667402048
0 0.6239183356310894 0.26727500558608047 0.2138478603878557 0.266001797352185
0 0.7950626785690748 0.30699882341154205 0.2136569456152035 0.2550642973521849
0 0.8212143011350903 0.14783999318008365 0.1859762305182393 0.1897646290313853
0 0.712242675729701 0.08645519107038782 0.08573076866768634 0.17104455417661044
0 0.9474279736183806 0.21154927461161507 0.09192622158978594 0.16821065260503384