0 0.8162306860642972 0.515886276573567 0.2925872829238763 0.35075907507848514
0 0.47393920064577355 0.7184811685899369 0.3746843805748785 0.43774781999010237
0 0.45637831294475906 0.51831407225341 0.32415553167023514 0.3633343181810801
0 0.25013066145369095 0.44853159599784254 0.3207122829238764 0.3522330438708206
0 0.2937944302583094 0.28193059418882027 0.27588786473976096 0.25939709068231737
0 0.13477140056663123 0.7057409876755282 0.2378088547106311 0.3447680246489437
0 0.12291992141631378 0.8362473592268256 0.2026489415410805 0.20875528154634893
0 0.5718763146606187 0.1852005998430298 0.23116639812585582 0.2773348631835545
0 0.6007945880175837 0.29166196178338893 0.24826296991261038 0.2751106218899818
0 0.7579826138818311 0.36949263342554345 0.25997335972519603 0.30224633197589
0 0.825296831353666 0.18209113071201002 0.21288775956691133 0.2389341044771273
0 0.9320205413036536 0.2661618362753625 0.13595891739269278 0.20901423111680745
0 0.9681913735152495 0.38779781886250797 0.06361725296950098 0.20541119629109836
0 0.7238958042357774 0.11229096506274927 0.11478522868809904 0.19166960085908266