0 0.29750362456148 0.5874432666295472 0.30326024015134934 0.3518010467059073
0 0.6763143740671884 0.5806905432447768 0.3330114071475435 0.3537089920432708
0 0.6745303340667508 0.7862774719128222 0.3789260850181531 0.4073430693825433
0 0.5083615756266128 0.35284844859963943 0.260887056349241 0.27009651336727114
0 0.34250842395345765 0.4259057826225474 0.26433039133021297 0.2779453760343621
0 0.8601602030794803 0.5103854918841872 0.2796795938410394 0.35341809070654373
0 0.8315934871855998 0.3248570718889597 0.27450388737588016 0.2593226453691802
0 0.5289857989348672 0.2259859565961396 0.2250477154367701 0.23375902402927143
0 0.9629562337255587 0.7616019992043696 0.0740875325488826 0.27460110534690846
0 0.30689328163466156 0.14650009329250188 0.19316104547482604 0.21777039735836246
0 0.2544805474519924 0.22214553063336515 0.19778487847863158 0.2162624413589988
0 0.11372289627312879 0.2972557133195461 0.18697471247102043 0.21926017202418074
0 0.10592103064607841 0.14414889465309152 0.14641869665368965 0.14382382001909
0 0.08620934440969316 0.4468653619907732 0.14542388243296434 0.23439427601845358