0 0.32321439791536755 0.613821841449303 0.2978953440483615 0.364797252045064
0 0.7085235472231414 0.790827993006878 0.36967943738063413 0.3590761009497074
0 0.5416302326145933 0.36770404473537294 0.27207718403881637 0.2937573263391012
0 0.7185268979153674 0.6023194224737646 0.33383284404836144 0.3658429264973858
0 0.3744058226050483 0.4428584720906885 0.2658453653723618 0.2951379699126104
0 0.5712006486314561 0.24266694081616472 0.22769083736472578 0.23779683135366608
0 0.870000680617457 0.33706283234460993 0.2498749200349984 0.26499582884638356
0 0.8838524532543218 0.5561167092250717 0.22254989871099795 0.3329274749271754
0 0.34650118797741014 0.15626775422314212 0.17525563335454458 0.16129651583511762
0 0.29608246996341075 0.26082487358175654 0.20356244668999893 0.17773986975432585
0 0.12983021395609293 0.31955031888376073 0.2054340293602715 0.20434783386094857
0 0.08718073197804646 0.4591272959225072 0.17436146395609292 0.2817454081549856
0 0.21278071598504616 0.10392766739269269 0.08920904535327186 0.14942098997087014
0 0.10374152331318276 0.145368672802969 0.19275221602481704 0.1883591210079671