0 0.73828125 0.55390625 0.2421875 0.3140625
0 0.36328125 0.6109375 0.2734375 0.3109375
0 0.40546875 0.8125 0.3109375 0.35859375
0 0.484375 0.359375 0.215625 0.2359375
0 0.66171875 0.403125 0.2171875 0.24453125
0 0.1421875 0.578125 0.271875 0.3109375
0 0.16015625 0.3859375 0.2328125 0.221875
0 0.4390625 0.23828125 0.1859375 0.2046875
0 0.06484375 0.84609375 0.12890625 0.25703125
0 0.6421875 0.1234375 0.15625 0.19375
0 0.70859375 0.18828125 0.1609375 0.19140625
0 0.86171875 0.23828125 0.14921875 0.19609375
0 0.83984375 0.08671875 0.12265625 0.12421875
0 0.9328125 0.37890625 0.13203125 0.21484375