0 0.5187412808392557 0.7097342479312759 0.35558316720498906 0.4134294373806341
0 0.8477178944768177 0.5308707145528688 0.27741152840691896 0.3203510520369074
0 0.49659572523993833 0.5154211739338213 0.31057858441327346 0.34104536004136177
0 0.29443716152294624 0.4388512252944109 0.30882516964062107 0.33008967870781625
0 0.3283876473194867 0.279830213956093 0.2558444456152034 0.24823969470081658
0 0.6303319768647915 0.29819621658182205 0.24512513392680618 0.2606124253659985
0 0.06438542288703195 0.3758897906588185 0.11262055113509047 0.18721019334818118
0 0.0535724281620377 0.5174505819939548 0.09198076866768637 0.16822383601209037
0 0.1580531968297241 0.6834562953135009 0.29772402840691903 0.3205874093729982
0 0.18061180965321183 0.8566665286441829 0.33509556899199794 0.22416694271163423
0 0.6085915702098139 0.17186098325114013 0.21960693668674977 0.2306340240292714
0 0.7797983685055305 0.13157978656114122 0.17471144805083547 0.16449994668999893
0 0.842826248375147 0.20586162388609613 0.1936523628234877 0.17565562269254426
0 0.7896990685849609 0.3854224018937321 0.21908873944669302 0.20094652402927143
0 0.9492517520285949 0.27881677120468773 0.10149649594281022 0.21528064934754482
0 0.9627005974022123 0.15443438920277872 0.07459880519557557 0.10714088534372683
0 0.9073915344959989 0.09962016721041475 0.09207049756436803 0.0838670173456358
0 0.9855671274339844 0.3963764411999152 0.02886574513203115 0.1847749893379998