0 0.8206103983262387 0.5290920307533792 0.23452148750696794 0.30595118611433314
0 0.5191923023098185 0.7571196969684669 0.29433282474278977 0.3840628980092635
0 0.46796212129707165 0.5629702272716202 0.259548758584207 0.3119488805964091
0 0.25491722063314176 0.511167630596409 0.2595033067888089 0.3041363805964091
0 0.2644836390546609 0.34443050994962265 0.2215760599120668 0.228733588873295
0 0.5677768106976337 0.3314103680447945 0.20596924063022612 0.23103971732199752
0 0.13216857577384636 0.7914172953411587 0.2643371515476927 0.3343152035271874
0 0.029393815038835203 0.490700243102595 0.058787630077670405 0.24217421189493055
0 0.027338163058765942 0.6265149123699004 0.054676326117531884 0.1749048247398008
0 0.15226946448482168 0.915625 0.30453892896964335 0.16875
0 0.5231006358332071 0.2196606405460318 0.18721924063022613 0.23005707146044047
0 0.7103511718393646 0.1380399055840371 0.17597266842151918 0.17635886137453222
0 0.7717244881943393 0.2006494482116623 0.17300220452587248 0.20275758706427266
0 0.9088154220357565 0.27816801786308043 0.13382152985783763 0.1803979081860289