0 0.6104337504103323 0.6409944487101384 0.3174286022701809 0.37911215064493076
0 0.5729042970811961 0.4645962560808329 0.27861947240056467 0.3032393284565975
0 0.3983912666423868 0.3960313600886455 0.27549447240056457 0.30316659327423634
0 0.8838554338506711 0.456577855435902 0.22067060470581304 0.2940812275829169
0 0.199784802359497 0.8129863900082637 0.386786528406919 0.3260611922480557
0 0.20268943425770822 0.6465801400082636 0.35509224350388296 0.38935997283326423
0 0.3874419042226408 0.2627467346136802 0.24005580438150131 0.24142900626826408
0 0.11005151542457078 0.36135311445704854 0.21604556006354417 0.2080709924005557
0 0.07843114285855513 0.5816844514630207 0.15686228571711025 0.3460060970739585
0 0.6739424659110381 0.268573281632048 0.21569100405718977 0.1877584924005557
0 0.6353220710238882 0.15467508900274252 0.19803985389503395 0.1607959488975696
0 0.8504952832814784 0.30975806003305484 0.18964670129724653 0.2168277433504862