0 0.7015625 0.58359375 0.25 0.321875
0 0.31484375 0.64453125 0.2828125 0.321875
0 0.35234375 0.83046875 0.3234375 0.321875
0 0.628125 0.425 0.225 0.25546875
0 0.4484375 0.38046875 0.221875 0.25
0 0.40625 0.26640625 0.196875 0.2
0 0.11953125 0.40859375 0.2359375 0.23359375
0 0.11640625 0.609375 0.2296875 0.31953125
0 0.62109375 0.1328125 0.17421875 0.18125
0 0.68125 0.2109375 0.175 0.21953125
0 0.0359375 0.88984375 0.071875 0.2203125
0 0.8546875 0.25078125 0.18359375 0.2078125
0 0.92265625 0.38359375 0.1546875 0.2640625