0 0.675 0.60546875 0.25625 0.321875
0 0.4015625 0.40546875 0.228125 0.24453125
0 0.321875 0.84296875 0.328125 0.296875
0 0.60390625 0.44453125 0.2296875 0.271875
0 0.2890625 0.67109375 0.290625 0.3140625
0 0.38828125 0.26796875 0.1984375 0.196875
0 0.109375 0.41953125 0.20078125 0.240625
0 0.11640625 0.6234375 0.2296875 0.30625
0 0.6125 0.14140625 0.16171875 0.19375
0 0.6703125 0.2328125 0.18515625 0.19375
0 0.84453125 0.2546875 0.16796875 0.22890625
0 0.909375 0.39609375 0.18046875 0.2609375
0 0.83203125 0.128125 0.1515625 0.17578125