0 0.72140219664745 0.5561110402095701 0.34402840570540577 0.37689988504764005
0 0.4013721788647696 0.4298132023845732 0.2948588515287954 0.29382376463433124
0 0.44878244974782183 0.8437120759211402 0.40496159759985384 0.31008508976990434
0 0.6071127566150286 0.4176757749860638 0.30390851984959505 0.32043171642972934
0 0.3701222946615886 0.7152285276183423 0.37527840570540577 0.3770816922292326
0 0.34920174917143043 0.299612617977422 0.25175951488719617 0.24046241529826115
0 0.13811450764848585 0.515742653787188 0.2412972038861602 0.2841396924256241
0 0.19099772084027097 0.7115818737329587 0.31332206120592376 0.35485216822512733
0 0.5284782185684687 0.12195927488786787 0.21367731803034928 0.22774424668035032
0 0.6100600124059968 0.19572350693388701 0.23740591645877274 0.23413060206654457
0 0.7833326925136207 0.1743974318965096 0.23097613399378397 0.2637726502711465
0 0.8800920684446341 0.2949275796335733 0.2398158631107318 0.2982567345801018
0 0.7358155295695046 0.07939556674775798 0.19663105913900925 0.15879113349551596