0 0.6153626441640764 0.5905498411366026 0.38321745024782705 0.41431031999010237
0 0.5367728974434367 0.46619165027257115 0.32731493102595033 0.3287955438708206
0 0.23766144730715114 0.7380378312985215 0.37006899705932395 0.3715496099041943
0 0.29314456467457717 0.8549896359119342 0.3810264292169281 0.2833059814554918
0 0.35408322817613136 0.4781161974227521 0.3146511567156908 0.32501544662978255
0 0.8502019354927353 0.3401149926523691 0.2995961290145296 0.35223304387082066
0 0.7299862296464694 0.28136851368326826 0.20530937697836435 0.17125528154634875
0 0.5483644154221181 0.29872086725588437 0.17118668249628843 0.14453565128862395
0 0.28363353007601066 0.3595985707830719 0.27807849163225706 0.2218152035271876
0 0.0858212290806425 0.5164604816826344 0.12693207146044047 0.19207903663473136
0 0.11478279002563338 0.6355856179332529 0.16048819990914298 0.1782555540475858