0 0.7322295912075091 0.5050321410300238 0.26732643157316377 0.32613594718226047
0 0.417130347746113 0.7914805948357062 0.33513397966639785 0.39092762268015624
0 0.17229903050040304 0.5628199146133047 0.2892559952754946 0.3284623390148923
0 0.36842749683513903 0.5996676062684514 0.29857643157316377 0.3272272212288776
0 0.6528471699707824 0.36500983095589 0.23918158420556884 0.2798958642426358
0 0.4553918166127377 0.3438144211519087 0.23669150126594438 0.2532788005403049
0 0.7447296574417286 0.026812948826722867 0.09179068511654283 0.053625897653445734
0 0.6327083178786821 0.09352178838976938 0.17982145317271012 0.18704357677953876
0 0.6990575149761245 0.1589582383976186 0.18979665389834963 0.20638395317271013
0 0.8668253683341691 0.18119035854588617 0.16247026206571746 0.1835813702330856
0 0.8327008833951115 0.051838986077774894 0.14013890507947585 0.10367797215554979
0 0.9153670173383773 0.3105851926666371 0.14864586424263565 0.23459823320977707
0 0.07514628326395986 0.8232341141578179 0.15029256652791972 0.28832343393541643
0 0.4365376676085296 0.2133828766868715 0.20484130054030486 0.23500002649368784
0 0.15567206960796262 0.3909548382971021 0.26007443756361354 0.2525347560752678