0 0.7492133631927735 0.5409503121515621 0.3001989071475437 0.35166353571156994
0 0.4584888399982499 0.8225885931877499 0.3738910751323212 0.3548228136245001
0 0.6480434995428894 0.39664580024770535 0.26276789133021283 0.27646354781181853
0 0.3865462199225752 0.6497515777678519 0.33301140714754374 0.3518544332522421
0 0.4637494125847511 0.3783901830558503 0.2595155573378241 0.27332036709365914
0 0.14870934440969313 0.4484152949831481 0.2714425543720746 0.2593305899662962
0 0.17154330243208932 0.6445954033944045 0.30475907315515494 0.3485658067888089
0 0.4021659723568522 0.26633963494944424 0.22817271543676992 0.23252265027114652
0 0.5704000247145793 0.12047820998682161 0.19121654349765968 0.2073135720123153
0 0.662009204562355 0.18349636045435985 0.2129987015966055 0.16682492739850954
0 0.8372320390490355 0.189983230671277 0.20700336958138302 0.17303856596219105
0 0.9126120644864617 0.34980820344571806 0.1747758710270766 0.25730448165323566