0 0.7063782009951852 0.5635589029982343 0.271096019849595 0.3232228603878557
0 0.3767826304836366 0.8194102934244526 0.33734175806277067 0.36117941315109475
0 0.14331862169248571 0.5810432686676863 0.28663724338497143 0.3189171899331605
0 0.4359138054194647 0.37744057629559863 0.23791533870851378 0.24770466314779932
0 0.33800488255055117 0.6329717816533298 0.3006379706353832 0.3206160576279121
0 0.6343491513666888 0.41452533928124213 0.240860556243525 0.2774194366867496
0 0.13093305293826535 0.4119932597392326 0.25681088792272544 0.2511569456152035
0 0.4178808970234626 0.24420533644186831 0.20506429735218495 0.21278419236879254
0 0.05366530862453513 0.8560239034085667 0.10733061724907025 0.2819239301939277
0 0.6330414782883783 0.12364124066121387 0.1885660020669146 0.1937614569792891
0 0.6881056598437442 0.2004452483718516 0.19681514970954977 0.20327282467404073
0 0.8653017065767565 0.24028681858166556 0.20470042431665547 0.20497169236879245
0 0.90753624834737 0.35752491151965093 0.1566311054577369 0.27907166558343127
0 0.8264297593056249 0.1012146359521057 0.13104029238978612 0.1318693831160272