0 0.69609375 0.5890625 0.2515625 0.321875
0 0.4234375 0.390625 0.225 0.24140625
0 0.35390625 0.83203125 0.3203125 0.31953125
0 0.62421875 0.42890625 0.2234375 0.26953125
0 0.3171875 0.653125 0.284375 0.3109375
0 0.40703125 0.259375 0.1953125 0.19140625
0 0.1234375 0.42578125 0.2453125 0.253125
0 0.12734375 0.603125 0.2546875 0.303125
0 0.62265625 0.134375 0.17421875 0.17265625
0 0.68515625 0.20546875 0.1796875 0.2078125
0 0.8515625 0.25234375 0.178125 0.2234375
0 0.9203125 0.39765625 0.159375 0.2671875