0 0.3598567893250966 0.6745451351189649 0.34238870612255684 0.4001725768875074
0 0.5831197592377071 0.42334556252687056 0.2962745725781774 0.31662973654387444
0 0.7636684479423007 0.824070422319523 0.4023714598834804 0.3518591553609539
0 0.39153400132014826 0.5001559667561706 0.301598570070895 0.33875039800926354
0 0.7575501432443048 0.6672194725219218 0.3735023138026888 0.39712281999010257
0 0.8615235555559255 0.3745583389848367 0.24307536473976085 0.2576774604245925
0 0.8725052050019297 0.588740347691264 0.23371238809672584 0.3648348631835546
0 0.5609074416075875 0.29933817446722966 0.26094482633910127 0.2820157191310198
0 0.3173369495251463 0.19972219753429377 0.2302571159934022 0.24608486318355452
0 0.27793581723440813 0.2899853493887446 0.2450015775927424 0.27025934757972225
0 0.12011862021654426 0.3661716338757694 0.24023724043308853 0.2747830732694627
0 0.09778296747183497 0.5147795522385636 0.19556593494366994 0.2951841044771273