0 0.555801968000863 0.7679985872856119 0.3977941680287357 0.44036711668970663
0 0.2534410790443981 0.49176094718226027 0.3097032946885604 0.33574904935917865
0 0.6153411153451434 0.6075447261230189 0.3378464754067195 0.33985619600113404
0 0.8129382780111257 0.6246032844678722 0.32694533684303834 0.34572425008481816
0 0.34308990720503346 0.3940898282151191 0.27519193930236624 0.3111111479078998
0 0.5228955818730685 0.3800521539831675 0.2561328670936591 0.2573313834799295
0 0.8342143560735653 0.45968761259817326 0.27490104781181834 0.2611111479078998
0 0.8866338114832008 0.8514410921797533 0.15311695140261464 0.272480179126093
0 0.8608702213205127 0.9657217807548572 0.11150110226293605 0.06855643849028574
0 0.08639500049097933 0.3273015991816933 0.14636698165323567 0.18632442431676957
0 0.612112617977422 0.35659978501602635 0.139871541958086 0.14391866950744614