0 0.7484375 0.54453125 0.240625 0.30546875
0 0.4296875 0.80390625 0.303125 0.3640625
0 0.1890625 0.553125 0.2625 0.30546875
0 0.384375 0.60703125 0.271875 0.303125
0 0.671875 0.396875 0.215625 0.2609375
0 0.475 0.35859375 0.215625 0.23359375
0 0.7703125 0.04453125 0.084375 0.0890625
0 0.65703125 0.12265625 0.1640625 0.175
0 0.721875 0.19453125 0.17265625 0.19140625
0 0.8890625 0.23203125 0.146875 0.17109375
0 0.85703125 0.08828125 0.13046875 0.1140625
0 0.93515625 0.365625 0.1296875 0.22265625
0 0.07890625 0.8046875 0.14375 0.27578125
0 0.45859375 0.2265625 0.1859375 0.21796875
0 0.175 0.3796875 0.2390625 0.23125