0 0.76484375 0.53046875 0.2359375 0.30546875
0 0.45234375 0.7859375 0.2984375 0.3609375
0 0.40625 0.59296875 0.26875 0.303125
0 0.2109375 0.5390625 0.259375 0.3
0 0.49140625 0.34296875 0.2140625 0.225
0 0.196875 0.375 0.2234375 0.21875
0 0.0875 0.80859375 0.171875 0.24140625
0 0.471875 0.22734375 0.184375 0.21015625
0 0.68515625 0.378125 0.21328125 0.246875
0 0.6625 0.109375 0.15390625 0.19453125
0 0.73671875 0.178125 0.18359375 0.19609375
0 0.9015625 0.23984375 0.175 0.21484375
0 0.84921875 0.09765625 0.10078125 0.1296875
0 0.94921875 0.34609375 0.1015625 0.2265625