0 0.577094296449687 0.7096492133966729 0.3133429867009724 0.38606604838564207
0 0.8401443827900691 0.4630268862655864 0.2441916367772226 0.2985617402800903
0 0.5038237166619093 0.5310468703449329 0.2775132830537501 0.32196500702931347
0 0.2774281368741317 0.345312615796819 0.23332556553881964 0.23406259263745516
0 0.29101524534725653 0.5008006364749834 0.27555073955076403 0.3047047324222074
0 0.17262309541317683 0.7938892028527029 0.34524619082635366 0.3722604135632885
0 0.05168586730684012 0.5049636358558109 0.10337173461368024 0.2255522717116218
0 0.05906974168970462 0.6523844454091048 0.11813948337940924 0.1777697431755744
0 0.1946408998888187 0.9022538587675056 0.3764573164887502 0.1954922824649888
0 0.5158581232907637 0.18201005686269758 0.19662434612402785 0.19957627667402048
0 0.5755396349742706 0.30601479114693186 0.21533928495361127 0.2660017973521849
0 0.7509208414712845 0.33138943444634084 0.21508471181534752 0.25506429735218494
0 0.7554479533628818 0.17048832174989376 0.18703114057694456 0.1897646290313853
0 0.6385702310982986 0.11811883891340154 0.08670383225631965 0.1710445541766104
0 0.8895131756274651 0.22365832526455046 0.09288109707395834 0.16821065260503384