0 0.5029672662372603 0.7411638263216804 0.32490974707143144 0.397463656715691
0 0.8202833947158921 0.5432740394598066 0.25428422927693434 0.3095675090451115
0 0.4685471397729761 0.5483278731331772 0.2877333992388783 0.32691213930283636
0 0.26218173463977973 0.4827084379233553 0.28572523026551755 0.3158927521477066
0 0.28592693524780205 0.3226716966297826 0.24035438045579802 0.2355567989592032
0 0.5889073552097459 0.3228918611473896 0.2269285504177418 0.25044481456303547
0 0.038747505665762724 0.4336656710763277 0.07749501133152545 0.1844369549975255
0 0.03287753110318895 0.5772518967660683 0.0657550622063779 0.1638787935321364
0 0.14031068771926 0.7400152476251508 0.28062137543852 0.2987804952503016
0 0.1701653309894582 0.90625 0.3403306619789164 0.1875
0 0.5587489644110057 0.19839315015697018 0.20390754448624282 0.221173394391219
0 0.7275745602663926 0.14773913217828877 0.1637971976422728 0.15514560266810498
0 0.7951493794300337 0.21861155415912759 0.18292919961943924 0.16550324852966192
0 0.7532616738790956 0.40118503674627304 0.2057592045623549 0.19008716870147851
0 0.9295442840689386 0.2828079302329809 0.13008804250907674 0.20794969810012062
0 0.9196983932701983 0.15937375225924824 0.08376218775644091 0.10417624491161734
0 0.852108986654127 0.10807352385597428 0.08743101581733086 0.07942190637700657
0 0.9655534268448452 0.39821824626635444 0.04801037155854928 0.18337906603337356