0 0.30189003562617533 0.5673078680378619 0.263179068212239 0.32634651336727105
0 0.6483962569944444 0.8276408386974758 0.33600907315515477 0.3447183226050484
0 0.3729625865010278 0.41430159404836137 0.23362421939110262 0.2525999306969986
0 0.6826890494663397 0.6373327507558596 0.295800567223656 0.3220408213717256
0 0.5510265780980708 0.37654869740608754 0.23199805239490826 0.2510192493634532
0 0.8765445719008355 0.41314291478354004 0.24691085619832903 0.23559424403245313
0 0.8796642547143605 0.6093457527848127 0.24067149057127893 0.32174992003499836
0 0.5900015533834914 0.25987027474536 0.20384387749004845 0.21164766669318064
0 0.3934701101898429 0.13186181138604303 0.17014003954332696 0.1893908586887263
0 0.31602554250907644 0.20514422270845262 0.19648236364988403 0.14596812269254428
0 0.14367038144438116 0.22968859468490824 0.188988198630856 0.153689716024817
0 0.09267025003718105 0.3962033853437268 0.1629297174139363 0.2424067706874536