0 0.25424402597787765 0.5594273546308198 0.25874334902377 0.3248203760343621
0 0.6300428668872681 0.5987956532463676 0.28996607548481973 0.323621502705271
0 0.591341056823724 0.8023297332511401 0.32987405519228014 0.37251353604390725
0 0.5046782228108969 0.3526484539306396 0.22769217207625303 0.2463499306969986
0 0.32802421956448613 0.4046938539545021 0.22939103977100475 0.254180612030544
0 0.849515615669452 0.5548440165500054 0.2868410754848199 0.32358514003818006
0 0.8294054874213936 0.364491736553187 0.2446342102256999 0.23248742536599848
0 0.5474441956184987 0.229519489258458 0.19586942775829588 0.2131738040260897
0 0.9245666140478942 0.8195417685391877 0.1264296810047071 0.26235564401654443
0 0.34228118303659694 0.1248972659532294 0.1659637394466932 0.20032835868872625
0 0.2770459208617323 0.19283020062859266 0.17062396590774281 0.1988204026893626
0 0.12531009699847045 0.24927219931572808 0.15976828652459388 0.20338063335454448
0 0.14436188027665342 0.09751879531350091 0.1287989301939279 0.12959768801718102
0 0.06392435795551907 0.3929772933243186 0.12784871591103814 0.22029541335136288