0 0.22715597848634927 0.5660386548259025 0.2966251785690748 0.35051437195958357
0 0.5888998222351136 0.7381610426499648 0.3761956761334428 0.43514525151861144
0 0.5908366489410446 0.5356900060808328 0.3280115462638264 0.35905422378319474
0 0.7933110381461516 0.44891278543177016 0.32639449918592583 0.3558928561920142
0 0.4308229005658976 0.32370176519888855 0.25455468100470674 0.26675631458888904
0 0.7410785620921392 0.2774021145539577 0.2700978603878557 0.2624324905006947
0 0.44902170129724617 0.2021352365135413 0.20998647483619665 0.2188630220358335
0 0.24660008482031054 0.15760790577583314 0.1939796452908918 0.19662434612402793
0 0.19500240300152955 0.24634440387597206 0.22062396590774283 0.20193009517409735
0 0.2767041907439394 0.404664090521354 0.23213421022569997 0.23499716831236128
0 0.07506777840691901 0.31556914219246524 0.1428807954530476 0.22198671561506958
0 0.9055404825468344 0.655596583684409 0.18891903490633127 0.2671186840799308