0 0.55078125 0.709375 0.2796875 0.35859375
0 0.8390625 0.46953125 0.21875 0.278125
0 0.4921875 0.5234375 0.25 0.29140625
0 0.2796875 0.4875 0.25 0.28046875
0 0.28203125 0.325 0.2140625 0.20546875
0 0.58203125 0.28359375 0.1984375 0.221875
0 0.0421875 0.47109375 0.075 0.17421875
0 0.04453125 0.615625 0.08828125 0.1515625
0 0.15859375 0.7625 0.31484375 0.25703125
0 0.20703125 0.92890625 0.39375 0.1421875
0 0.53671875 0.1640625 0.1796875 0.1953125
0 0.696875 0.090625 0.146875 0.134375
0 0.77265625 0.1515625 0.16484375 0.14296875
0 0.7546875 0.33828125 0.18515625 0.1640625
0 0.92734375 0.1953125 0.1328125 0.190625
0 0.8890625 0.07578125 0.071875 0.09375
0 0.815625 0.034375 0.078125 0.06875
0 0.9765625 0.3046875 0.046875 0.178125