0 0.6218155572485449 0.5953530272517764 0.2976686960011339 0.3392646840388164
0 0.22234138002136844 0.816495514640365 0.3845337789407585 0.3668271573838158
0 0.89371033838192 0.4326417525461874 0.21257932323615983 0.26664424936345305
0 0.20976199055098918 0.6353182399745466 0.3326786130615094 0.3131203547103617
0 0.3986260499921508 0.42600523261459333 0.2749008293962455 0.26871582670272554
0 0.09145839073632364 0.42567161465627323 0.16038197241000382 0.20959427068745348
0 0.5753894466341062 0.45208483259073073 0.26525301088459124 0.26079423870145285
0 0.7807366563454202 0.3566888745624139 0.1321825613400783 0.16241018801718105
0 0.08999263837407094 0.5851284306572276 0.14997524046617117 0.31411813868554467
0 0.36189488710812656 0.3365523812858204 0.22142859981466553 0.21342834269572597
0 0.6070164141499685 0.3282291619191855 0.1494593413771451 0.12044086401972631