0 0.47991646709485486 0.6174660155059132 0.3686636273170487 0.39607599577685787
0 0.8549143085701416 0.7224153106369975 0.29017138285971666 0.41239967775102715
0 0.48332034882291774 0.4733977667595545 0.3102978493887445 0.29453021615168673
0 0.15752913274411565 0.5274764791503175 0.2757524310259504 0.32004704169936515
0 0.6520460153766896 0.39337398297774817 0.31958431818108013 0.32288253668480016
0 0.6537546002932557 0.2916068944979461 0.2864575576656305 0.2563937186589692
0 0.2478055727036359 0.42860941864633395 0.1751305540475859 0.15642715940862678
0 0.3960549649471483 0.3460516682506225 0.17102290818602892 0.13758623119538155
0 0.8425980150380052 0.5281113811701109 0.3148039699239895 0.3675418188172538
0 0.917000471505869 0.31409669378566557 0.16599905698826198 0.283262444048363
0 0.9438772320213186 0.4079459821863253 0.11224553595736282 0.20846102084968265