0 0.32642088894019383 0.569484752045064 0.3143171891378379 0.36167225204506404
0 0.6148401048805011 0.4195519143566848 0.2719939102692299 0.2777686134861197
0 0.6462530597327675 0.840444458234128 0.3802306154744318 0.3191110835317442
0 0.41074413908136814 0.4237523663891135 0.2767570049793232 0.30598454169936495
0 0.6988257809347466 0.6965296029947714 0.3452031680911505 0.3563315341775176
0 0.6417981760542455 0.2932083747023838 0.23296223137238706 0.2235979390337981
0 0.8816580656297237 0.503493971495456 0.23668386874055258 0.2918311134861197
0 0.8680575681899725 0.6787523842692952 0.2638848636200549 0.3444392879384413
0 0.43674040777956835 0.1335963793212373 0.2082506577089811 0.20104097743445778
0 0.3684601156156063 0.193223780416594 0.21971877872743367 0.23725126207419392
0 0.19790469190984816 0.21087897868809904 0.22210032608248031 0.2513592261808165
0 0.11744989441362716 0.3426852566639176 0.21205746814762022 0.29318301332783514