0 0.7736052653728992 0.4625445406672041 0.30237145988348074 0.3602034123358699
0 0.5130531764308788 0.7805505293192766 0.38208770361527444 0.4176190974524129
0 0.4249668400626477 0.6021924055428121 0.3336669239901033 0.36285718638248704
0 0.4820362278301692 0.3327405118960815 0.2594277904457238 0.2790972560752678
0 0.20173392854244976 0.6170262649761245 0.3321044239901032 0.3628026226801563
0 0.6643629945232167 0.3365400905745369 0.26287103919208266 0.29014388347992953
0 0.1776873601209074 0.43564977940409466 0.2746436134861197 0.2655803930985764
0 0.17775818560207873 0.8681175390227416 0.2120526852728743 0.2602728450053419
0 0.4132287403665815 0.2256571873939775 0.22928564937949716 0.26243554573098155
0 0.5716142387172288 0.09017109909687535 0.1963534774344577 0.1803421981937507
0 0.6567765003957114 0.1295634042768677 0.212387654394062 0.21813990870767297
0 0.8233873388755135 0.13078361997863155 0.21721154671392995 0.22299109981466553
0 0.9145244674053281 0.2527280526481036 0.16633100831327 0.24462799763774729