0 0.42804325379783315 0.7453021547289934 0.35868060707105975 0.3908497376509029
0 0.7619469947273405 0.5384047234019451 0.2804613486335391 0.29691659327423636
0 0.3885293420949353 0.5749890015186114 0.30853178493120836 0.29600870991548633
0 0.19091773211346869 0.5493129350298612 0.2963046034428626 0.3035302691860419
0 0.6853075944571879 0.42265113041204916 0.24699408420556884 0.27740287385944457
0 0.5102059015360968 0.37095807779100737 0.23425598202865067 0.2255858007211807
0 0.1913294159640671 0.3822709053945835 0.2545684820286507 0.22605857940652802
0 0.0896628000769688 0.7569416374428126 0.12301094718226036 0.25890483415618065
0 0.09156758437520494 0.9220750217514929 0.08983137023308559 0.1558499564970141
0 0.9412983837540067 0.41235463573038267 0.11740323249198674 0.1700605397032639
0 0.42443952712666 0.32915047786725726 0.12618553248413758 0.12627417211208342