0 0.6399536550367151 0.6165263654433393 0.30950700811437953 0.36738852966144575
0 0.34919010755177726 0.44714160295030736 0.26905355762791217 0.2874737706844554
0 0.5568253295486001 0.4560888351927182 0.27412288717321703 0.3093760417616943
0 0.2957870491130862 0.8661597685431561 0.3733592280826074 0.2662078247427896
0 0.8763759448077199 0.363613947120016 0.23610468993316047 0.2794703731437835
0 0.25512291315438984 0.7343785034178456 0.3437183668806775 0.3582135175611974
0 0.32435552313520855 0.3035506842342007 0.23046261606989854 0.22475560206654457
0 0.08265103855648404 0.48543753025062103 0.16530207711296807 0.21974993949875793
0 0.10985071530213013 0.6844835634281082 0.21970143060426026 0.3169431020665446
0 0.5388289005691929 0.14450644057891246 0.20390011606989872 0.22460106596219104
0 0.6061743133132504 0.22457521477940928 0.22144217207625302 0.2450135599120669
0 0.7911123750016477 0.23599800722847458 0.23709444561520332 0.24666696350286302
0 0.7772562008935044 0.09254500654110352 0.1954875982129911 0.18509001308220704