0 0.39835098799231317 0.6644904193592011 0.3425250984424249 0.395209929330278
0 0.6278639579049236 0.396826221411562 0.2980189290046681 0.3145405043684031
0 0.4317498243605441 0.48258580271795104 0.30003607007089494 0.33020187195958356
0 0.11430287773839168 0.5073741292746874 0.22860575547678336 0.30712674145062524
0 0.7960945030360079 0.7863939484257979 0.3699848572179135 0.31933841356270865
0 0.8019533611118511 0.6387013308346173 0.36881481380268893 0.3864531783803475
0 0.6079415659807669 0.2497336690748606 0.2507969365265156 0.24786084422416685
0 0.8892393785963215 0.32203920127558955 0.1874331185006845 0.21671864057694457
0 0.8999626152684865 0.5169698415681936 0.17706993151195077 0.28986519984750014
0 0.3473199662181937 0.16445535818878443 0.21234219028743925 0.2141755220358335
0 0.3149357120615586 0.2846594086256247 0.25018918276559193 0.28063697663298637
0 0.15010868243638747 0.34158482190399286 0.23370036473976094 0.2505858007211808
0 0.11506975587249475 0.20421276168350685 0.20613765439406193 0.2155925516711113