0 0.596875 0.671875 0.271875 0.34453125
0 0.87109375 0.44296875 0.2109375 0.26953125
0 0.32421875 0.45703125 0.2421875 0.26953125
0 0.53359375 0.49609375 0.2421875 0.2859375
0 0.06328125 0.453125 0.1265625 0.19453125
0 0.18984375 0.7375 0.3109375 0.325
0 0.3203125 0.30703125 0.22109375 0.19765625
0 0.06796875 0.6484375 0.13203125 0.28203125
0 0.2078125 0.8859375 0.3625 0.228125
0 0.56484375 0.16484375 0.17734375 0.2
0 0.615625 0.2671875 0.20546875 0.2234375
0 0.79609375 0.30078125 0.2046875 0.24140625
0 0.8015625 0.15390625 0.1703125 0.17578125