0 0.8051837467502938 0.4358906283101449 0.28867631087432316 0.3375828549934109
0 0.5683964074624612 0.7438566226528042 0.3698093084386912 0.4208589633064713
0 0.47309972402212236 0.5651952914671067 0.32011722564697553 0.34870216217500316
0 0.25371847848634926 0.5725118460164204 0.31680131087432306 0.33774648145684394
0 0.22810304951023735 0.4028487858097659 0.2730319456152034 0.24687604176169434
0 0.21249305518898493 0.8501318102066545 0.30992401947846526 0.299736379586691
0 0.2501078778344309 0.9463664607723885 0.28156937418757344 0.10726707845522299
0 0.4474728380667214 0.21586291197861143 0.2280740016215578 0.26692492134838536
0 0.5161876562479405 0.303753797419035 0.24520695454365704 0.2638999152982612
0 0.6930228916374438 0.3204060079950318 0.25660810470581286 0.29052604781181846
0 0.681773925729701 0.12348555619963371 0.2102319366867496 0.22932492739850954
0 0.8307841700476581 0.15716164031219743 0.16758078652459396 0.20251698770335985
0 0.9215103559236291 0.2529922907797356 0.1191432865245936 0.20223518657189174
0 0.5594080020285949 0.09465150819142353 0.11256600405718978 0.18344882513557323