0 0.47932052240215467 0.6435992900620426 0.35339290634542025 0.3695885307129069
0 0.15825899953666384 0.5289709793523174 0.2831696863824872 0.32660105203690737
0 0.8696329760382009 0.7787497334499947 0.26073404792359833 0.3657726400381801
0 0.2590824003549705 0.4418987880330894 0.1679762176006804 0.20343517735518085
0 0.39312752894075853 0.36692715471831583 0.19388395317271012 0.18499426002545336
0 0.5091394532575282 0.5135305294000424 0.31603675008481796 0.3285453600413618
0 0.6640923041685021 0.3216622974219959 0.2619097560752678 0.2545078760343621
0 0.6752803192294445 0.4631412727561777 0.2981399219545168 0.3080328653723619
0 0.9289831502701524 0.3771695994589033 0.14203369945969513 0.27830790802036265
0 0.8523784994518457 0.6067111014480856 0.2952430010963084 0.3879749040419981
0 0.9474901028098905 0.4679855034611305 0.10501979438021891 0.21855110001590833