0 0.73046875 0.55859375 0.2453125 0.3109375
0 0.40390625 0.8140625 0.3078125 0.35546875
0 0.16484375 0.56640625 0.2671875 0.30546875
0 0.4578125 0.36796875 0.21875 0.2359375
0 0.3625 0.621875 0.275 0.30546875
0 0.65625 0.40859375 0.21875 0.26640625
0 0.153125 0.396875 0.2375 0.2390625
0 0.43828125 0.234375 0.1890625 0.203125
0 0.0640625 0.83984375 0.11796875 0.275
0 0.6515625 0.1171875 0.17265625 0.18515625
0 0.7078125 0.1953125 0.18046875 0.19375
0 0.88515625 0.23828125 0.1890625 0.1953125
0 0.92890625 0.35625 0.134375 0.271875
0 0.84453125 0.0984375 0.1203125 0.12578125