0 0.7610254687733564 0.5004386737274059 0.3067081881703945 0.35376882383181857
0 0.4909677956950459 0.7993154090794224 0.37684090570540574 0.3854567445232167
0 0.2084698571103666 0.6127403777383916 0.3269479135632887 0.35279735721791355
0 0.4550386803125116 0.3638325501456493 0.26556945781510155 0.27455268527287435
0 0.4135041135205074 0.6310260618241318 0.33483318817039454 0.35458717775102694
0 0.6577826906515938 0.36653869833801206 0.27163967535011296 0.30437657759274234
0 0.1624744987571457 0.4482292483506473 0.28461055624352505 0.2813482545523465
0 0.4091910252262784 0.23608563486452763 0.229447867244561 0.23605247492717538
0 0.1628107164970448 0.875360049683431 0.1706550641014079 0.24682483887551357
0 0.5937928494618807 0.0944473673135504 0.2094606989237615 0.1888947346271008
0 0.6655629956567738 0.14726586111185125 0.21807371960192584 0.22635922618081658
0 0.8482856044242795 0.15681304269030888 0.22752149420903187 0.22819451082055267
0 0.9100428378821988 0.2644149425320243 0.1799143242356024 0.29415447994174027
0 0.7801455723735755 0.04985862984996273 0.14466614474715095 0.09971725969992545