0 0.5765625 0.6890625 0.275 0.35
0 0.85546875 0.45390625 0.2140625 0.26953125
0 0.51484375 0.50859375 0.2453125 0.2890625
0 0.30078125 0.3140625 0.2109375 0.20546875
0 0.30390625 0.46953125 0.2453125 0.271875
0 0.1640625 0.75703125 0.315625 0.33046875
0 0.05546875 0.4640625 0.1 0.2125
0 0.05625 0.6109375 0.1125 0.1625
0 0.18046875 0.89609375 0.3546875 0.2078125
0 0.54921875 0.1609375 0.178125 0.17578125
0 0.60078125 0.28671875 0.18984375 0.240625
0 0.77421875 0.31953125 0.18984375 0.22890625
0 0.7890625 0.159375 0.16875 0.16640625
0 0.67578125 0.10234375 0.06875 0.16171875
0 0.9203125 0.21796875 0.07578125 0.1578125