0 0.6685999546405048 0.662023668085587 0.35180177858625933 0.3835237613780887
0 0.633225354809914 0.4836077667488599 0.307172547072698 0.31430104670590725
0 0.26213639399010413 0.7876743646960441 0.41991474175455634 0.37338624005408844
0 0.26830455205202114 0.6120840186982713 0.3935188417263215 0.40274647605027025
0 0.46535604437127487 0.3895294080601336 0.304047547072698 0.31426468403881636
0 0.15229533127356498 0.32264825401813557 0.2671243997458862 0.27011469470081656
0 0.13191275476756167 0.5222755366804539 0.22287314178279125 0.3414260733609078
0 0.45297089448421435 0.27071577339272457 0.2629983418674959 0.25289083203372564
0 0.6941503603539345 0.1892043334261321 0.22413326294241803 0.22901698002863508
0 0.7362307155167842 0.29509125409767734 0.25894787869919894 0.2637737880330894
0 0.8782681196324473 0.37023779945094915 0.24346376073510534 0.28410446936663486
0 0.9019628603539346 0.5275599507876763 0.1960742792921309 0.31190220536281676
0 0.9062646815276789 0.22925881078926708 0.18747063694464217 0.22412948535963517